1    638
2    622
3    605
4    580
5    568
6    550
7    523
8    525
9    523
10    457
11    492
12    464
13    472
14    420
15    429
16    441
17    399
18    408
19    405
20    404
21    398
22    392
23    385
24    372
25    378
26    384
27    339
28    354
29    339
30    360
31    353
32    356
33    404
34    347
35    384
36    373
37    359
38    394
39    366
40    351
41    349
42    328
43    348
44    309
45    332
46    305
47    303
48    285
49    276
50    272
51    285
52    283
53    284
54    286
55    308
56    292
57    295
58    276
59    290
60    262
61    252
62    282
63    275
64    293
65    267
66    258
67    245
68    233
69    259
70    241
71    239
72    257
73    257
74    245
75    242
76    233
77    242
78    238
79    240
80    255
81    239
82    267
83    234
84    249
85    229
86    241
87    251
88    236
89    235
90    253
91    231
92    244
93    280
94    239
95    244
96    271
97    246
98    275
99    277
100    259
101    276
102    285
103    260
104    275
105    284
106    271
107    272
108    284
109    280
110    282
111    282
112    257
113    262
114    282
